100
38 16
20 8
8 14
8 14
35 16
5 15
33 27
23 27
35 10
38 20
3 28
33 12
8 27
27 15
10 27
14 14
21 24
13 38
4 29
5 35
30 16
34 27
24 35
27 27
25 8
17 23
25 37
25 11
7 33
6 21
19 25
32 21
30 37
6 8
20 38
38 15
12 23
31 8
31 19
32 13
14 4
11 32
7 35
26 4
10 35
5 24
39 3
28 35
4 32
36 14
33 19
38 11
34 4
29 20
35 33
12 35
34 23
18 22
36 37
4 29
32 9
12 18
36 11
23 3
3 17
39 35
4 16
20 38
19 26
30 11
36 37
26 36
35 16
20 12
3 23
5 39
30 28
5 36
4 21
35 13
26 23
33 11
25 39
12 31
26 15
11 3
31 25
10 13
19 16
24 28
6 37
39 27
8 10
29 36
37 35
23 10
32 8
37 7
28 21
18 24
