2
110 45
2 4 6 9 16 23 25 26 27 28 32 35 39 43 51 55 59 62 65 67 68 70 74 81 84 89 91 94 95 98 101 108 109 114 121 122 123 129 130 133 137 139 141 142 155 
4 6 7 13 14 15 16 18 20 24 33 35 39 49 50 52 53 57 60 62 66 72 74 77 83 85 89 91 94 97 99 101 104 107 116 118 119 121 127 129 138 145 147 152 153 
85 143
90 22
124 59
152 96
18 80
140 8
48 61
97 139
7 9
36 125
134 115
154 51
143 73
96 92
153 87
72 135
54 10
103 90
8 1
73 76
115 95
131 81
112 36
42 134
19 48
87 133
66 113
56 34
69 67
116 5
93 69
3 26
15 43
82 44
117 40
145 28
13 105
150 23
105 124
37 30
49 11
144 63
17 114
86 110
31 131
107 123
60 151
22 47
111 79
44 32
40 130
88 55
76 146
104 71
12 102
71 142
5 65
118 98
99 144
50 58
100 128
57 88
33 148
64 17
147 25
77 103
30 37
47 46
14 111
53 19
20 136
119 56
110 29
45 82
106 64
146 27
24 109
1 68
151 78
135 132
63 70
61 106
78 38
21 86
80 150
92 3
38 122
10 141
136 31
102 21
11 149
75 41
120 117
34 108
79 75
46 93
41 137
113 112
125 100
138 154
128 45
149 84
126 42
52 155
127 12
132 120
29 54
148 140
58 2
83 126
