1 1 0 0 0 
1 2 0 0 0 
0 0 0 0 0 
0 0 0 0 0 
0 0 0 0 0 
1 1 0 0 0 
1 2 2 0 0 
0 0 0 0 0 
0 0 0 0 0 
0 0 0 0 0 
1 1 0 0 0 
1 2 2 2 0 
0 0 0 0 0 
0 0 0 0 0 
0 0 0 0 0 
1 1 0 0 0 
1 2 2 2 2 
0 0 0 0 0 
0 0 0 0 0 
0 0 0 0 0 
1 1 0 0 0 
1 2 2 2 2 
0 2 0 0 0 
0 0 0 0 0 
0 0 0 0 0 
1 1 0 0 0 
1 2 2 2 2 
0 2 4 0 0 
0 0 0 0 0 
0 0 0 0 0 
1 1 0 0 0 
1 2 2 2 2 
0 2 4 6 0 
0 0 0 0 0 
0 0 0 0 0 
1 1 0 0 0 
1 2 2 2 2 
0 2 4 6 0 
0 0 0 0 0 
0 0 0 0 0 
1 1 0 0 0 
1 2 2 2 2 
0 2 4 6 0 
0 2 0 0 0 
0 0 0 0 0 
1 1 0 0 0 
1 2 2 2 2 
0 2 4 6 0 
0 2 6 0 0 
0 0 0 0 0 
1 1 0 0 0 
1 2 2 2 2 
0 2 4 6 0 
0 2 6 12 0 
0 0 0 0 0 
1 1 0 0 0 
1 2 2 2 2 
0 2 4 6 0 
0 2 6 12 12 
0 0 0 0 0 
1 1 0 0 0 
1 2 2 2 2 
0 2 4 6 0 
0 2 6 12 12 
0 2 0 0 0 
1 1 0 0 0 
1 2 2 2 2 
0 2 4 6 0 
0 2 6 12 12 
0 2 0 0 0 
1 1 0 0 0 
1 2 2 2 2 
0 2 4 6 0 
0 2 6 12 12 
0 2 0 12 0 
1 1 0 0 0 
1 2 2 2 2 
0 2 4 6 0 
0 2 6 12 12 
0 2 0 12 24 
24
