100
626229 240985 556173 373497 423011 478993 549233 834730 409133 66561 854733 410336 881660 946335 706313 768945 886521 18533 47905 255679 173519 477049 630957 53572 514681 759801 561225 930451 664689 182505 627581 275319 504595 430381 210445 257383 503051 780511 780063 47349 498497 925521 994833 715041 185354 152441 332635 786701 442642 955558 721763 116383 119473 889089 116111 76209 492951 364389 120141 981086 867329 636326 25160 354781 172501 915451 396203 199801 516143 419471 958496 240721 575393 754003 628357 769096 295048 493941 377826 159761 435753 192993 807773 317713 983733 467281 583833 260040 103481 904249 88813 474485 38301 997689 491841 888393 835362 850017 384977 294221
100
578225
803501
838449
790081
569241
503730
949666
991441
539069
675603
419295
102177
612904
879705
180607
143281
95889
280669
240802
280473
84307
594147
156343
233861
350757
957059
5257
188257
496003
887334
408917
943480
409722
751001
46226
991735
72541
437606
908241
504729
617153
212212
216591
747274
555481
62949
601095
685899
878779
540069
172949
884702
694121
994737
636711
66737
364604
34871
447003
37041
633779
61439
83505
892465
753447
726089
493911
522695
153537
714513
816077
211501
396948
16907
754154
769353
538535
819821
269673
250653
127322
798177
591309
947841
415693
379051
657766
175673
231409
409825
168351
758207
248616
337888
866617
568221
155223
498177
827049
991658
