50 50
6 46 35 12 8 19 1 12 32 30 12 19 6 46 29 17 44 21 6 44 29 16 7 1 3 17 32 30 21 24 17 49 15 23 17 18 17 45 49 3 44 15 8 2 21 49 49 22 32 38
6 2 29 29 36 31 9 20 4 23 6 20 3 41 24 22 44 30 17 31 24 35 18 44 49 6 12 8 12 31 26 23 29 25 20 45 33 23 46 32 34 42 44 17 29 19 46 30 21 46
15 7 36 19 16 17 2 7 29 17 30 17 45 13 3 15 16 17 2 26 17 29 32 21 3 17 35 3 38 17 24 34 24 44 29 44 19 29 8 46 29 30 40 6 27 45 18 21 15 30
24 29 45 17 42 7 17 7 12 29 49 6 30 6 49 32 29 34 37 32 17 24 30 35 47 31 9 30 24 21 29 23 25 29 19 1 49 42 29 25 22 7 36 2 39 31 32 47 35 29
17 9 24 45 49 44 44 8 21 50 22 3 21 36 46 36 22 46 45 44 29 49 19 17 6 17 25 24 34 2 38 47 17 24 24 29 19 11 24 9 43 24 7 3 41 24 19 44 2 24
22 44 45 2 40 15 17 7 24 16 49 25 40 29 29 3 37 30 9 11 21 9 23 21 30 1 3 17 15 32 17 46 2 29 21 17 44 21 24 35 7 3 24 3 12 6 25 3 49 3
44 24 8 33 44 19 32 15 3 6 17 36 35 50 42 29 27 17 12 21 24 23 6 36 6 24 17 36 5 35 29 39 17 21 19 49 18 29 46 17 30 36 35 29 42 23 7 34 15 36
19 11 45 17 6 30 49 35 40 32 7 3 20 29 30 3 7 2 46 30 32 46 40 32 44 30 45 46 32 6 29 31 44 21 21 36 45 29 17 44 19 17 2 21 35 46 7 24 12 2
29 45 29 19 3 12 24 49 19 21 19 38 46 30 24 44 38 30 45 45 11 32 3 34 40 31 3 42 18 44 39 44 33 40 42 6 44 44 6 49 3 15 24 42 46 1 44 45 29 1
36 44 3 46 23 40 23 40 45 45 47 24 32 44 35 3 36 49 17 1 36 35 36 21 42 45 21 44 30 29 17 26 29 32 3 35 30 46 36 32 21 24 38 12 44 6 38 46 23 29
34 25 24 49 36 36 1 25 44 42 9 5 24 33 34 12 3 17 17 29 21 32 17 5 29 17 24 8 36 44 34 49 41 9 19 24 23 9 3 19 38 3 17 44 9 24 9 44 17 30
22 13 17 21 49 29 21 45 44 36 1 44 20 35 45 29 18 12 6 36 21 21 46 17 44 9 24 12 36 3 49 16 46 11 7 3 7 8 37 46 6 2 12 30 30 30 3 40 6 17
2 49 17 46 30 6 2 30 46 12 24 32 12 1 7 44 6 50 3 49 8 45 45 46 29 18 12 17 36 7 24 2 29 44 39 24 9 6 6 24 9 21 20 6 3 1 35 35 40 25
50 49 6 7 22 38 11 45 24 35 24 7 39 20 23 36 46 19 35 29 30 35 12 12 7 29 17 31 18 49 3 15 30 8 21 29 17 17 32 44 17 36 44 21 22 7 31 19 12 15
42 9 45 3 7 2 2 6 42 30 9 29 23 6 6 46 36 45 47 3 17 44 29 21 6 6 45 32 45 17 36 3 1 1 17 44 34 21 30 39 30 3 9 45 9 30 30 6 6 21
21 17 19 4 16 47 9 46 25 3 4 44 24 30 30 17 21 26 44 35 16 24 6 49 19 49 20 9 45 50 2 3 1 3 17 34 44 45 32 5 17 21 25 40 30 34 9 44 46 21
21 6 2 34 17 17 44 31 9 36 45 15 9 40 17 17 1 19 17 21 7 24 36 46 3 6 2 49 17 21 44 21 3 21 49 17 44 44 49 7 36 21 32 6 18 30 44 3 19 24
41 29 44 44 29 1 32 17 38 40 35 30 2 25 6 35 37 15 48 24 44 30 44 17 8 36 49 3 17 40 45 2 44 44 40 31 6 21 17 30 21 44 49 23 21 49 44 9 3 16
19 30 36 23 30 24 6 3 29 3 24 2 30 11 17 49 4 23 9 36 15 44 30 29 24 27 12 46 44 8 9 21 44 9 49 24 19 12 40 35 17 21 1 24 32 17 6 18 28 35
8 18 17 49 21 42 6 36 24 24 17 33 2 6 49 39 29 17 44 17 37 45 3 25 29 32 29 24 17 5 44 3 37 45 18 19 17 18 21 17 3 35 47 12 21 29 30 29 3 34
6 7 46 30 47 46 21 49 34 24 45 17 23 45 36 35 32 9 17 46 17 24 19 40 36 24 24 49 46 46 9 35 25 21 21 17 17 30 38 44 49 21 49 3 2 49 22 46 11 36
35 13 11 17 41 17 36 36 35 6 17 46 24 49 6 16 44 24 3 32 44 46 6 36 3 12 21 44 24 36 6 34 15 30 3 12 44 46 1 21 16 44 19 48 47 21 40 35 29 2
6 49 1 6 40 31 44 24 17 19 1 29 3 42 18 3 49 42 25 34 46 3 32 37 19 18 12 5 24 1 39 21 21 49 39 44 30 35 17 35 24 3 38 29 19 29 44 24 18 46
36 19 17 32 24 23 23 44 46 16 24 25 46 24 36 22 36 49 19 30 29 29 46 28 28 44 47 17 3 37 45 47 24 46 30 17 23 46 30 44 9 2 32 17 46 46 42 45 31 49
21 22 36 17 24 16 41 19 34 29 24 24 29 44 29 44 39 29 38 38 23 21 17 44 44 24 46 9 19 6 19 21 46 44 6 28 9 17 23 12 32 23 42 32 6 44 3 30 44 6
25 17 44 6 49 6 45 17 32 6 17 17 39 46 44 3 24 30 25 3 16 29 15 30 45 44 35 20 17 9 9 7 25 22 40 3 30 18 17 17 35 29 28 29 1 33 11 29 9 33
22 3 40 30 46 6 6 23 39 39 49 42 37 49 15 46 2 29 21 21 30 6 44 44 9 12 1 30 49 17 49 38 46 24 44 18 45 44 36 19 45 44 34 44 8 17 21 3 36 40
29 1 16 30 36 8 45 24 20 9 5 49 29 37 29 12 32 3 46 3 44 49 3 6 49 21 21 34 3 34 2 18 3 29 45 36 36 38 6 3 19 19 24 29 29 45 12 29 34 31
23 29 12 42 35 29 21 6 38 2 29 17 40 34 2 17 14 6 25 8 33 44 25 18 49 35 35 36 9 30 45 44 49 44 23 49 38 44 19 2 30 21 6 29 32 12 1 28 19 46
7 21 46 17 9 17 11 24 17 17 17 6 17 45 9 45 15 21 17 33 7 41 19 17 32 32 21 32 49 17 12 36 6 11 1 18 28 33 21 41 13 12 6 12 29 22 44 29 49 44
23 49 19 19 36 17 49 5 15 6 44 40 7 49 2 12 44 3 30 49 3 36 49 37 24 6 44 21 38 1 25 27 1 35 25 20 6 6 6 6 30 17 29 49 49 34 11 17 12 6
40 44 17 17 49 49 2 44 23 35 45 28 9 29 24 3 8 44 44 2 3 30 1 35 2 49 35 46 6 12 18 3 18 30 32 17 49 9 3 24 46 25 1 32 30 17 37 24 6 44
17 27 29 24 21 25 12 34 6 49 6 38 6 16 23 17 2 44 40 3 17 24 21 17 35 6 49 34 2 9 44 32 35 49 17 9 3 45 24 3 24 12 44 42 29 2 34 9 46 12
15 49 46 17 30 30 17 16 9 3 21 24 36 29 24 17 1 24 17 29 44 42 21 29 1 39 3 29 49 49 35 17 3 44 49 36 17 24 36 18 9 24 49 45 25 17 39 34 42 17
21 6 21 39 3 21 30 30 12 21 12 44 9 24 2 44 38 30 36 35 3 17 23 29 16 3 3 4 46 29 45 21 7 25 45 12 17 24 46 24 35 34 12 23 3 23 18 46 3 1
17 12 6 25 2 33 3 50 35 3 21 4 35 23 6 35 6 8 41 17 8 23 30 11 44 35 49 17 19 49 40 19 38 19 21 49 2 25 45 41 17 29 40 17 8 1 21 24 41 35
24 24 41 30 37 45 49 34 32 3 44 17 1 24 2 5 45 12 22 38 50 4 25 36 32 49 44 44 35 22 7 49 17 17 12 36 21 3 33 21 45 49 30 41 34 38 16 19 24 3
41 6 32 6 29 3 35 44 18 6 7 21 38 21 40 6 21 21 40 6 25 12 21 3 6 49 49 24 30 19 45 49 24 45 3 32 40 2 46 17 17 17 38 6 46 44 5 49 30 2
40 41 35 36 6 36 30 39 2 21 29 49 23 2 45 44 24 6 49 38 17 18 49 49 17 36 6 7 2 18 40 30 17 49 41 38 7 27 1 46 9 36 12 24 20 45 45 25 21 7
29 45 3 7 30 12 24 35 34 49 30 36 29 21 7 30 1 3 19 21 25 42 29 8 8 46 17 39 24 46 35 17 17 3 32 24 17 17 6 39 29 33 21 49 30 17 3 1 24 34
42 44 8 9 35 19 49 7 44 6 17 24 49 40 24 36 17 2 1 29 9 44 3 24 19 3 38 17 44 46 21 30 17 21 7 44 45 36 1 3 32 1 2 15 30 34 16 25 34 21
24 3 29 35 9 3 4 36 23 44 29 30 8 30 40 6 17 38 44 2 17 12 6 45 49 17 44 24 2 44 44 44 15 2 49 30 17 6 6 30 23 34 17 36 17 24 3 7 29 11
7 44 19 12 24 44 25 24 29 19 45 3 22 21 3 45 9 24 29 32 44 18 20 3 14 30 17 45 1 46 3 17 17 3 17 21 35 20 29 40 3 36 10 17 22 49 17 12 37 6
36 7 44 6 45 24 32 36 4 18 19 44 42 27 28 21 44 35 20 46 34 23 24 42 12 21 25 17 24 36 6 39 30 5 45 6 17 1 30 30 21 49 46 21 16 32 36 7 42 30
49 12 40 25 11 19 22 44 9 6 45 45 21 46 19 3 36 6 44 31 20 21 21 45 48 17 30 6 18 29 35 5 12 2 11 24 17 46 31 17 30 11 18 17 44 49 39 46 29 22
29 19 49 24 34 44 40 47 29 24 21 44 36 29 34 15 21 2 21 49 21 39 49 12 17 24 36 24 2 24 49 30 45 30 49 19 3 17 7 30 30 29 44 35 34 6 17 30 17 44
29 30 6 17 49 46 7 15 18 11 22 25 9 29 21 36 19 49 6 6 24 16 21 17 29 12 11 17 9 29 17 23 6 29 36 9 2 3 44 44 17 45 17 44 17 44 42 36 44 13
17 12 32 21 36 44 7 2 24 24 25 19 17 17 21 40 32 23 36 29 32 3 23 17 40 38 30 19 3 9 17 39 19 44 21 30 49 24 36 3 21 17 37 9 17 30 6 46 36 3
29 49 3 25 45 29 35 34 29 6 17 24 7 23 12 45 16 8 3 17 15 49 44 19 17 44 11 45 23 17 25 49 38 44 21 6 48 21 22 40 21 38 6 3 33 15 12 49 17 19
7 30 19 1 7 6 29 30 34 25 40 8 16 23 15 17 49 32 7 45 29 29 38 17 29 2 6 6 35 25 30 30 9 17 35 17 6 40 31 9 21 3 44 45 8 21 1 20 1 1
50
35 49 42
21 3 16
48 5 44
38 10 39
6 8 27
14 7 44
21 3 47
48 47 43
18 44 39
4 50 28
44 8 5
26 50 39
20 50 39
36 50 40
46 45 1
14 44 33
31 11 29
8 6 5
45 21 6
23 5 23
38 11 43
21 9 21
22 45 25
9 9 48
42 34 44
20 3 19
5 19 45
20 35 32
38 46 37
41 48 17
13 19 36
44 39 21
29 40 47
8 34 22
6 29 18
24 21 35
28 9 23
50 6 20
24 42 12
36 9 11
17 29 48
1 43 43
29 39 46
34 12 43
37 10 33
4 23 34
40 48 23
12 38 41
16 21 45
15 4 47
